
 ~~~ Final value of optimization index: 0.5958356546389257 ~~~
Time needed to find the optimal solution: 15.073781 seconds
 - Optimal theta: 50.306988
 - Optimal shift in X axis: 42.159565
 - Optimal shift in Y axis: 34.116478

Bounding box: 698.1622325768163 x 1265.8840681607157 meters
xNodes: 15
yNodes: 28
Total number of mega-nodes: 420
Number of mega-nodes inside polygon: 158
Number of sub-nodes that will be used for trajectories: 632.0
User's defined polygon area: 381771.22838737915 square meters

Portion of the total area assigned to each drone:
 - 33.33333333333333 %
 - 33.33333333333333 %
 - 33.33333333333333 %

Number of drones: 3
- Number of Waypoints for drone 1: 56
- Number of Waypoints for drone 2: 54
- Number of Waypoints for drone 3: 56


 ~ Number of Waypoints: 56 ~
49.365732722676384, 14.2506133785076;
49.365884923165495, 14.250806843201369;
49.366011271990146, 14.25057379382942;
49.36327160569141, 14.247091615536911;
49.363397947123026, 14.24685856898736;
49.36400677264839, 14.247632352153715;
49.36413311514299, 14.247399303521348;
49.3635242880802, 14.246625521247086;
49.36377696857118, 14.24615942219435;
49.36362476021056, 14.245965980048608;
49.362866715350386, 14.247364261579893;
49.36225788782784, 14.246590499550464;
49.362131546894695, 14.246823541412802;
49.36274037287983, 14.24759730433428;
49.36248768651547, 14.248063386270928;
49.362639891416876, 14.248256830423827;
49.36289257854995, 14.247790748041222;
49.363196988898736, 14.248177639027045;
49.36332333252237, 14.247944595603693;
49.363018921404866, 14.24755770506384;
49.363145263785356, 14.247324660895737;
49.364515106862456, 14.249065703824556;
49.36426241470852, 14.249531794983428;
49.36487122218513, 14.250305624582374;
49.36411312511256, 14.251703874828353;
49.36502631257253, 14.252864662971023;
49.3647736051407, 14.253330739533027;
49.365686776085575, 14.254491573214878;
49.36543406214366, 14.254957647685977;
49.36604283308516, 14.255731562403724;
49.36579011417071, 14.256197633892274;
49.36594230531056, 14.25639111599392;
49.366321384123886, 14.25569200630656;
49.3657126129676, 14.254918087716533;
49.36583897008576, 14.254685049662779;
49.36614335709407, 14.25507200613086;
49.36626971450664, 14.254838966440676;
49.36505215546227, 14.253291170928213;
49.36517850932538, 14.25305813182897;
49.36609168289897, 14.254218969982263;
49.36621803859399, 14.253985928355506;
49.3643916749315, 14.2516642975887;
49.36451802553958, 14.251431257444487;
49.365735609679774, 14.252978990454643;
49.365861962888474, 14.25274594733699;
49.364644375673265, 14.251198216109405;
49.36477072533254, 14.250965173583449;
49.36598831562277, 14.252512903028377;
49.366114667882655, 14.252279857528796;
49.3648970745174, 14.25073212986662;
49.36502342322786, 14.250499084958918;
49.36593662254175, 14.251659872223827;
49.36606297308402, 14.251426824788007;
49.364540963772065, 14.249492205390144;
49.36466730999617, 14.249259158992361;
49.365732722676384, 14.2506133785076;

 ~ Number of Waypoints: 54 ~
49.365985419082484, 14.250147279018568;
49.36613762034033, 14.250340743266543;
49.36702204550654, 14.248709355980374;
49.3665654326694, 14.248128971490843;
49.366439088793655, 14.248362029721273;
49.3667434969136, 14.248748951969448;
49.36661715179462, 14.24898200945494;
49.36600833576988, 14.248208168829882;
49.365881991713884, 14.248441224232545;
49.36649080620114, 14.249215065749507;
49.36636446013319, 14.24944812085315;
49.36514682894451, 14.24790045508794;
49.365020485477025, 14.248133507216918;
49.366238113590754, 14.249681174765875;
49.366111766573844, 14.24991422748768;
49.36443752669138, 14.247786201802677;
49.3651955763075, 14.246387882325733;
49.36489116014679, 14.246000986720892;
49.36514383801879, 14.245534871594513;
49.36499162867398, 14.245341426024408;
49.364738951570686, 14.245807540704597;
49.36413011396141, 14.245033768546731;
49.36400377623543, 14.245266823208285;
49.36491702836028, 14.246427489928028;
49.36479068785367, 14.24666054473733;
49.36326859821309, 14.244726121787707;
49.36314226107554, 14.244959173175404;
49.363446680878674, 14.245346048685953;
49.36332034249795, 14.245579099329175;
49.36240708142948, 14.244418485746783;
49.36228074488038, 14.2446515338607;
49.36319400364275, 14.245812148781697;
49.3630676643131, 14.246045197043525;
49.361849986394716, 14.244497718222497;
49.36172364966541, 14.244730763508953;
49.36294132450898, 14.24627824411466;
49.36281498423043, 14.2465112899951;
49.361292891215356, 14.24457694891327;
49.36116655430586, 14.24480999137232;
49.36207981177388, 14.245970583072566;
49.361953472083876, 14.24620362567948;
49.360735795891486, 14.244656177819154;
49.36060945880185, 14.244889217450872;
49.361979339572294, 14.246630103658973;
49.36223202019542, 14.246164019189708;
49.362840850577214, 14.246937775564502;
49.363598890284564, 14.245539488227244;
49.364664346872566, 14.24689359835584;
49.364538005417, 14.247126650783565;
49.36392917660132, 14.246352865530783;
49.363802836208706, 14.24658591587557;
49.36441166348695, 14.247359702020503;
49.36415897820347, 14.247825800922028;
49.365985419082484, 14.250147279018568;

 ~ Number of Waypoints: 56 ~
49.36628982126758, 14.250534208705307;
49.366037123323984, 14.251000309085914;
49.366189323151865, 14.25119377616124;
49.366947413595355, 14.249795459390713;
49.36709961539886, 14.249988926319434;
49.36659422213021, 14.250921143155228;
49.366746422065596, 14.251114612166402;
49.36725181687174, 14.250182394438996;
49.36740401801399, 14.250375863749396;
49.366393217735336, 14.252240281931646;
49.366545415471904, 14.252433754215831;
49.36780891491927, 14.250103217349379;
49.36796111616899, 14.250296688595652;
49.3664449065262, 14.253093321217806;
49.36659710283269, 14.253286796329194;
49.368113317088046, 14.250490161032806;
49.368265517676434, 14.250683634660847;
49.36624387733724, 14.25441244717548;
49.366396071444825, 14.25460592555947;
49.36715420311158, 14.25320765526065;
49.36730639919481, 14.253401133498906;
49.366295550102194, 14.255265486151051;
49.36644774277962, 14.255458967362022;
49.36745859494734, 14.253594612927994;
49.36761079036916, 14.253788093547927;
49.36609449611971, 14.25658459928632;
49.36624668659813, 14.256778083769479;
49.36649940781895, 14.256312010945033;
49.36665159873544, 14.256505496173695;
49.36639887674582, 14.256971569443413;
49.36655106656279, 14.257165056308123;
49.36693014998886, 14.256465943949026;
49.36662576771782, 14.256078972746213;
49.36751027372725, 14.25444767200455;
49.36766246771889, 14.254641155451676;
49.367157037022274, 14.255573335341337;
49.367309229145626, 14.255766820870138;
49.3679410182523, 14.254601591916785;
49.36763662983098, 14.254214624277163;
49.367889340615164, 14.253748525249161;
49.36728055672891, 14.252974606042239;
49.367912317698796, 14.251809342084618;
49.36821671414717, 14.252196297078159;
49.3683430656865, 14.251963240267802;
49.36803866846937, 14.251576285719972;
49.368796763128415, 14.250177922520143;
49.36864456171756, 14.249984448369982;
49.368391866164664, 14.25045057375493;
49.36778306028963, 14.249676687279772;
49.3675303659137, 14.250142806117179;
49.367073760341945, 14.24956240242729;
49.367579142583274, 14.248630162664016;
49.36712252942351, 14.248049772367429;
49.36699618572805, 14.248282833425694;
49.367300594063096, 14.248669759545232;
49.36628982126758, 14.250534208705307;