
 ~~~ Final value of optimization index: 0.7545216394435866 ~~~
Time needed to find the optimal solution: 5.429372 seconds
 - Optimal theta: 89.665955
 - Optimal shift in X axis: 5.4077334
 - Optimal shift in Y axis: 7.6332045

Bounding box: 419.314106169123 x 249.95322507560263 meters
xNodes: 23
yNodes: 13
Total number of mega-nodes: 299
Number of mega-nodes inside polygon: 174
Number of sub-nodes that will be used for trajectories: 696.0
User's defined polygon area: 63936.254433240065 square meters

Portion of the total area assigned to each drone:
 - 33.33333333333333 %
 - 33.33333333333333 %
 - 33.33333333333333 %

Number of drones: 3
- Number of Waypoints for drone 1: 58
- Number of Waypoints for drone 2: 38
- Number of Waypoints for drone 3: 37


 ~ Number of Waypoints: 58 ~
49.362237348692844, 14.261346422946417;
49.3622316540441, 14.262833187895687;
49.36231257527595, 14.262833915682553;
49.36231542499511, 14.262090532034563;
49.36239634622968, 14.262091258607468;
49.36239254553566, 14.263082438407432;
49.36247346676216, 14.26308316660451;
49.36247631808404, 14.262339780552542;
49.362557239313276, 14.262340507535653;
49.36255343648228, 14.263331690540912;
49.36263435770344, 14.26333241914821;
49.36263626018433, 14.262836826853835;
49.36271718140669, 14.262837554652611;
49.36271432688396, 14.263580944296132;
49.362795248099765, 14.263581673313654;
49.36279715164917, 14.263086079416654;
49.36287807286618, 14.26308680762565;
49.36287521674067, 14.263830199673105;
49.36295613795113, 14.263830929100854;
49.36295899408128, 14.263087535837025;
49.363039915294486, 14.263088264050785;
49.36303515241402, 14.26432725480305;
49.36311607361756, 14.264327985046489;
49.363119884990475, 14.263336790842057;
49.36320080619833, 14.263337519466045;
49.3631989015711, 14.263833117398416;
49.36327982277396, 14.263833846835714;
49.36328220322989, 14.263214348400592;
49.36312036081453, 14.263212891555693;
49.36312131206428, 14.262965092975767;
49.36279762720454, 14.262962180936409;
49.362798577916934, 14.26271438396873;
49.362636735472584, 14.262712928774253;
49.36263863529772, 14.26221733643199;
49.362476792839594, 14.26221588286884;
49.36247774195235, 14.261968087494273;
49.36231589948354, 14.261966634751534;
49.36231969061071, 14.26097545640146;
49.36215784812203, 14.260974006911802;
49.36216068588114, 14.26023062548203;
49.36207976462935, 14.260229901957091;
49.36207881924233, 14.260477695371064;
49.36191697673612, 14.260476247517403;
49.36191508437477, 14.260971832695096;
49.36175324186711, 14.260970383229148;
49.361748976299964, 14.262085446090811;
49.361829897547814, 14.26208617264707;
49.361833689700354, 14.261095004046698;
49.36191461095246, 14.261095728983577;
49.36190986942625, 14.262334691737383;
49.36199079066877, 14.262335418703842;
49.361997425098245, 14.260600867943756;
49.362078346349634, 14.260601592074492;
49.362070762007626, 14.262583939005673;
49.36215168324481, 14.262584666382333;
49.36215737469742, 14.261097903808444;
49.36223829594195, 14.261098628754814;
49.362237348692844, 14.261346422946417;

 ~ Number of Waypoints: 38 ~
49.36239919117313, 14.261347873657165;
49.36239729507532, 14.261843463633573;
49.36247821630954, 14.261844189803405;
49.362480112410424, 14.261348599016097;
49.362561033645825, 14.261349324377404;
49.362558188693136, 14.262092711760408;
49.36263910992202, 14.262093438340447;
49.36264195487933, 14.261350049741088;
49.36272287611093, 14.261350775107143;
49.362718131851956, 14.262589758085596;
49.36279905307395, 14.262590485481297;
49.36280379734064, 14.261351500475572;
49.36288471856844, 14.261352225846377;
49.36287902384569, 14.262839010257306;
49.362959945062336, 14.262839738063224;
49.36296563979434, 14.261352951219553;
49.36304656101835, 14.261353676595105;
49.363040866277096, 14.262840465871527;
49.36312178748995, 14.262841193682208;
49.36312842950646, 14.26110660332144;
49.363209350728205, 14.261107328296278;
49.363201757715196, 14.263089720485453;
49.36328267892271, 14.263090448706365;
49.363292164892705, 14.260612454319926;
49.36337308611372, 14.260613178488581;
49.3633636001283, 14.263091176929658;
49.363444521332006, 14.263091905155333;
49.36345400733283, 14.260613902659607;
49.36353492855003, 14.260614626833;
49.36352829391598, 14.26234923151855;
49.363609215120505, 14.262349958532589;
49.36361632267259, 14.260491450453502;
49.36321171657322, 14.260487830612044;
49.36320982416279, 14.260983428764185;
49.36304798171587, 14.260981979222345;
49.363047034716985, 14.261229777473233;
49.362399664865606, 14.261223976157106;
49.36239919117313, 14.261347873657165;

 ~ Number of Waypoints: 37 ~
49.36240013842531, 14.261100078654666;
49.36296658705728, 14.261105153378885;
49.36296706048956, 14.26098125445498;
49.36248153309182, 14.260976905900609;
49.362482006386706, 14.260853008190688;
49.36312937624131, 14.260858804660339;
49.36312984940955, 14.260734905326219;
49.36232063706464, 14.260727661790146;
49.36232111009242, 14.260603764480924;
49.363130322444995, 14.260611005989729;
49.363130795347644, 14.260487106650858;
49.362321582987406, 14.260479867169325;
49.36232205574961, 14.260355969855354;
49.36361679544705, 14.260367549895872;
49.363617268088724, 14.260243649335862;
49.362322528379025, 14.260232072539017;
49.36232300087567, 14.260108175220303;
49.36361774059759, 14.260119748773482;
49.36361821297367, 14.259995848208735;
49.362323473239506, 14.259984277899223;
49.36232394547056, 14.259860380575772;
49.363618685216956, 14.259871947641622;
49.36361915732745, 14.259748047072137;
49.36232441756883, 14.259736483249956;
49.36232488953431, 14.259612585921774;
49.36361962930515, 14.259624146500284;
49.363620101150055, 14.259500245926073;
49.362325361367, 14.259488688591224;
49.36232583306691, 14.25936479125831;
49.36297320302533, 14.25937056822828;
49.36297367459855, 14.259246669271194;
49.362083540866024, 14.259238728206462;
49.36208306930119, 14.259362624933567;
49.36224491181356, 14.259364069147699;
49.3622392426599, 14.2608508345537;
49.36240108514634, 14.260852283642654;
49.36240013842531, 14.261100078654666;