
 ~~~ Final value of optimization index: 0.6876339449093032 ~~~
Time needed to find the optimal solution: 24.62002 seconds
 - Optimal theta: 80.46739
 - Optimal shift in X axis: 9.831274
 - Optimal shift in Y axis: 0.41353953

Bounding box: 400.65050264447234 x 676.5394119419619 meters
xNodes: 20
yNodes: 33
Total number of mega-nodes: 660
Number of mega-nodes inside polygon: 429
Number of sub-nodes that will be used for trajectories: 1716.0
User's defined polygon area: 223120.2552839244 square meters

Portion of the total area assigned to each drone:
 - 33.33333333333333 %
 - 33.33333333333333 %
 - 33.33333333333333 %

Number of drones: 3


 !!! DARP will rerun for random initial positions !!!

- Number of Waypoints for drone 1: 74
- Number of Waypoints for drone 2: 94
- Number of Waypoints for drone 3: 91


 ~ Number of Waypoints: 74 ~
47.88506817711971, -81.32886841047208;
47.88496388477643, -81.32794540113676;
47.88487519032387, -81.32796755142513;
47.885292314460294, -81.3316596048288;
47.88520361929974, -81.33168174893528;
47.88478649586473, -81.32798970163815;
47.884697801399035, -81.32801185177574;
47.88508513359015, -81.33144017377825;
47.88499643846656, -81.33146231817017;
47.88460910692676, -81.32803400183795;
47.88452041244792, -81.32805615182475;
47.88487795228818, -81.33122074447246;
47.88478925720155, -81.33124288914982;
47.88443171796252, -81.32807830173614;
47.88434302347055, -81.32810045157217;
47.8846409783945, -81.33073760037264;
47.884552283394925, -81.33075974577157;
47.88425432897201, -81.32812260133278;
47.8841656344669, -81.328144751018;
47.88443379572318, -81.33051817573026;
47.88434510076058, -81.33054032141462;
47.8841365354866, -81.32869432535799;
47.88404784086815, -81.32871647402011;
47.8841670244597, -81.32977132535538;
47.884078329634264, -81.32979347219747;
47.8839442476376, -81.32860676674734;
47.884121636830976, -81.32856246906233;
47.8840620406937, -81.32803504463381;
47.88521506850743, -81.32774709099013;
47.88527466594763, -81.32827452675889;
47.88545205494396, -81.32823022681202;
47.885481852855406, -81.32849394602127;
47.885659241925666, -81.32844964664518;
47.88571883613122, -81.32897708771337;
47.885896225375625, -81.32893278978042;
47.885926021669704, -81.32919651163938;
47.88610341098804, -81.32915221427723;
47.88616300195882, -81.3296796606448;
47.88634039145127, -81.32963536472586;
47.886355288865346, -81.32976722694248;
47.88617789932279, -81.32981152242522;
47.8862076935963, -81.33007524621223;
47.886118998765056, -81.33009739340432;
47.88602961427703, -81.32930622425668;
47.88594091958953, -81.32932837268196;
47.88603030392724, -81.33011954052101;
47.88594160908287, -81.33014168756232;
47.885822428954434, -81.32908679945827;
47.88573373430389, -81.32910894816895;
47.885852914231904, -81.33016383452822;
47.88576421937437, -81.33018598141874;
47.88558544614738, -81.32860365630675;
47.8854967515839, -81.32862580573901;
47.88567552451028, -81.33020812823388;
47.88558682963961, -81.33023027497363;
47.885378259455486, -81.32838423617197;
47.88528956492898, -81.32840638588961;
47.88552792802913, -81.33051614223707;
47.88543923309523, -81.33053828838986;
47.885141273661844, -81.32790110033376;
47.88505257922243, -81.32792325077295;
47.88539522676848, -81.33095601462274;
47.88557261679315, -81.33091172370113;
47.885602408545076, -81.33117544505413;
47.885779798643654, -81.33113115470337;
47.88579469434247, -81.33126301592914;
47.88561730419381, -81.33130730584371;
47.8856470950368, -81.33157102764903;
47.885558399902536, -81.33159317205704;
47.88549881771076, -81.33106572962035;
47.88541012267009, -81.33108787482536;
47.88546970476168, -81.33161531638967;
47.88538100961428, -81.33163746064693;
47.88506817711971, -81.32886841047208;

 ~ Number of Waypoints: 94 ~
47.88208235083255, -81.32988512888247;
47.88234843549663, -81.32981869114265;
47.88236333271735, -81.32995054331118;
47.8812989934066, -81.33021628758331;
47.88131389017526, -81.33034813721048;
47.882200839916884, -81.33012668658478;
47.88221573678457, -81.33025853846796;
47.88132878679246, -81.33047998691303;
47.88134368325819, -81.33061183669096;
47.88205324350468, -81.33043468028242;
47.88206814001933, -81.33056653188025;
47.88135857957247, -81.33074368654428;
47.88137347573527, -81.33087553647297;
47.881905646260016, -81.33074267223559;
47.88192054242164, -81.33087452354803;
47.881210981469216, -81.33105167351708;
47.88122587727901, -81.33118352316042;
47.8819354384318, -81.33100637493588;
47.8819503342905, -81.33113822639909;
47.88106338253356, -81.33135965874544;
47.88107827799035, -81.3314915081034;
47.88196522999773, -81.3312700779377;
47.8819801255535, -81.33140192955167;
47.881093173295675, -81.33162335753673;
47.881108068449514, -81.33175520704542;
47.881817630508536, -81.33157806700484;
47.88183252571128, -81.33170991833343;
47.88112296345191, -81.33188705662948;
47.881137858302864, -81.33201890628892;
47.88184742076257, -81.3318417697374;
47.881862315662374, -81.33197362121672;
47.88115275300233, -81.33215075602372;
47.88116764755033, -81.3322826058339;
47.88187721041073, -81.33210547277142;
47.881892105007616, -81.33223732440149;
47.881359932751344, -81.33237017334213;
47.88137482704651, -81.33250202373914;
47.882084390202806, -81.33232489295992;
47.88209928454683, -81.33245674517684;
47.881567112068666, -81.33258959240504;
47.88158200611099, -81.33272144338893;
47.88211417873941, -81.33258859746915;
47.8821290727805, -81.33272044983681;
47.881774290954255, -81.3328090132125;
47.881789184743724, -81.33294086478324;
47.882321357594044, -81.33280802057598;
47.88233625138228, -81.3329398735305;
47.88171538285871, -81.33309485664871;
47.881685595481315, -81.33283115386801;
47.88150820451581, -81.33287543495295;
47.88147841663271, -81.33261173334596;
47.88130102574118, -81.33265601500173;
47.881271237352394, -81.33239231456845;
47.881093846534824, -81.33243659679502;
47.880959791738654, -81.33124995250101;
47.881137182105434, -81.33120566634932;
47.88110739038449, -81.33094196757416;
47.881284780624895, -81.33089768024874;
47.88107622091332, -81.32905179115988;
47.88169708409354, -81.32889676177686;
47.88171198237565, -81.32902861203385;
47.881179813804806, -81.32916149327995;
47.881194711785135, -81.32929334230401;
47.88252513314573, -81.32896113737127;
47.882495336282005, -81.32869743285676;
47.88338228253515, -81.32847594911709;
47.883352484564476, -81.32821224054285;
47.88397334620052, -81.32805719438632;
47.883988245436996, -81.32818905016225;
47.88345607818974, -81.32832194578559;
47.8834709771244, -81.32845380032849;
47.88400314452199, -81.3283209060136;
47.88401804345552, -81.32845276194035;
47.88259892946949, -81.32880713725966;
47.88261382785067, -81.32893898977268;
47.883855553031076, -81.32862891547676;
47.883870451611536, -81.32876077111818;
47.88120960961402, -81.32942519140344;
47.881224507291435, -81.3295570405783;
47.88388535004054, -81.32889262683501;
47.883900248318064, -81.32902448262725;
47.88372285893497, -81.32906877855146;
47.88373775701093, -81.32920063398295;
47.88391514644411, -81.32915633849491;
47.88393004441869, -81.32928819443795;
47.88366396018392, -81.3293546369027;
47.88363416423359, -81.32909092640047;
47.881239404817386, -81.3296888898285;
47.88125430219188, -81.32982073915412;
47.882496030243885, -81.32951069395602;
47.88251092781763, -81.3296425464099;
47.88126919941491, -81.32995258855513;
47.88128409648649, -81.33008443803153;
47.88208235083255, -81.32988512888247;

 ~ Number of Waypoints: 91 ~
47.88228953485501, -81.33010454110763;
47.88246692471159, -81.33006024992721;
47.88243713037154, -81.32979654507861;
47.88261452010171, -81.32975225272439;
47.88258472505558, -81.32948854730508;
47.883560367551496, -81.32924492916945;
47.88357526542586, -81.32937678424018;
47.88268831748457, -81.32959825346879;
47.88270321495696, -81.32973010643421;
47.8839449422418, -81.3294200504564;
47.883959839913416, -81.32955190655026;
47.88254072251072, -81.32990625154386;
47.88255561963006, -81.33003810422393;
47.883974737433576, -81.32968376271951;
47.88398963480226, -81.32981561896418;
47.88345746567242, -81.32994849798136;
47.88347236273932, -81.33008035299294;
47.884181921727006, -81.3299031821116;
47.884226612620076, -81.3302987528326;
47.884137917694424, -81.33032089880237;
47.884108123967295, -81.33005718534913;
47.88339856472672, -81.33023435388277;
47.88336877079448, -81.32997064422037;
47.882393126704365, -81.33021424787442;
47.88240802347068, -81.33034610026914;
47.88311758308802, -81.33016893662442;
47.88313247990327, -81.33030079083909;
47.88224553006554, -81.3305222424605;
47.882260426478815, -81.33065409456985;
47.88261520659277, -81.33056551569808;
47.88263010295477, -81.3306973687551;
47.882097932594235, -81.33083023530206;
47.88211282865449, -81.33096208712603;
47.882467609021255, -81.33087351060185;
47.88248250503023, -81.33100536337346;
47.88212772456329, -81.33109393902538;
47.8821426203206, -81.33122579100012;
47.882497400887736, -81.33113721622048;
47.882512296593774, -81.33126906914288;
47.88215751592647, -81.33135764305023;
47.88217241138084, -81.33148949517572;
47.882527192148345, -81.33140092214065;
47.88254208755144, -81.3315327752138;
47.882009916210635, -81.33166563300574;
47.88202481131199, -81.33179748484582;
47.88237959233226, -81.3317089141583;
47.882394487382335, -81.33184076694606;
47.88203970626189, -81.3319293367613;
47.88205460106034, -81.33206118875214;
47.88294155391527, -81.33183976413366;
47.88295644881267, -81.3319716183806;
47.882246886380806, -81.33214875693375;
47.882261780926385, -81.33228060951146;
47.8844791627588, -81.33172704096852;
47.884449372263994, -81.33146332498441;
47.8846267625333, -81.33141903659353;
47.884596971332385, -81.3311553200386;
47.88468566640711, -81.33113317529391;
47.88471545765811, -81.33139689228504;
47.88489284788802, -81.33135260344189;
47.884907743336406, -81.33148446248671;
47.88455296275011, -81.33157303899911;
47.88456785794682, -81.33170489724695;
47.885100028937124, -81.33157203333462;
47.88511492413262, -81.3317038929664;
47.8822766753205, -81.33241246216453;
47.882291569563144, -81.33254431489298;
47.88530720955439, -81.33179146497213;
47.88532210449701, -81.33192332519087;
47.88248385450195, -81.33263188525531;
47.882498748491734, -81.33276373857065;
47.884982218306014, -81.33214375884153;
47.884997112845504, -81.33227561833861;
47.882691033251625, -81.3328513100907;
47.88270592698856, -81.3329831639929;
47.883947663056, -81.33267318551063;
47.883962556992024, -81.33280504254135;
47.88263212506642, -81.33313715850731;
47.88260233779411, -81.3328734510637;
47.88242494685944, -81.3329177327836;
47.88239515908141, -81.33265402651374;
47.882217768220684, -81.3326983088045;
47.882158191047324, -81.33217089891372;
47.88198080036072, -81.3322151826476;
47.88190632573644, -81.33155592416061;
47.8820837161726, -81.33151163824606;
47.88199434132454, -81.3307205279322;
47.882171731433935, -81.33067623909933;
47.88214193850601, -81.33041253539217;
47.88231932848901, -81.33036824538553;
47.88228953485501, -81.33010454110763;