
 ~~~ Final value of optimization index: 0.6443798903089365 ~~~
Time needed to find the optimal solution: 45.07733 seconds
 - Optimal theta: 52.608055
 - Optimal shift in X axis: 0.0802271
 - Optimal shift in Y axis: 17.744814

Bounding box: 670.6286992062882 x 1219.072161038723 meters
xNodes: 27
yNodes: 50
Total number of mega-nodes: 1350
Number of mega-nodes inside polygon: 528
Number of sub-nodes that will be used for trajectories: 2112.0
User's defined polygon area: 375576.6869317265 square meters

Portion of the total area assigned to each drone:
 - 33.33333333333333 %
 - 33.33333333333333 %
 - 33.33333333333333 %

Number of drones: 3
- Number of Waypoints for drone 1: 100
- Number of Waypoints for drone 2: 92
- Number of Waypoints for drone 3: 109


 ~ Number of Waypoints: 100 ~
49.365648023678254, 14.250930298978302;
49.36599089651475, 14.251331651133727;
49.3659253669685, 14.251462902491141;
49.36438242997951, 14.249656859914277;
49.36431690230391, 14.24978810922236;
49.36603127270558, 14.25179483204338;
49.365965742634245, 14.251926082894087;
49.364422812900145, 14.250120024393304;
49.3643572846995, 14.250251273194783;
49.365900212412676, 14.252057333396927;
49.36583468204083, 14.252188583551893;
49.364634631223666, 14.250783858999581;
49.364569102273414, 14.250915107483479;
49.36594058569707, 14.252520514049033;
49.36587505480017, 14.25265176369727;
49.364503573172925, 14.251046355619533;
49.36443804392218, 14.251177603407742;
49.36580952375303, 14.25278301299763;
49.365743992555615, 14.252914261950117;
49.36420107816031, 14.251108180720783;
49.36413554883362, 14.251239427624277;
49.36584989413102, 14.253246193392046;
49.36578436240856, 14.253377441837777;
49.364241455268434, 14.251571344685306;
49.364175925416696, 14.25170259108214;
49.3674331356345, 14.255515598609355;
49.36736760136594, 14.255646848248949;
49.36462469966072, 14.252435858128422;
49.364559168834845, 14.252567104396585;
49.367130638493514, 14.255577400034435;
49.367065104149034, 14.255708648789264;
49.36483650467275, 14.25309970536037;
49.364770973097286, 14.253230951310798;
49.36682814129264, 14.25563920070344;
49.36676260687224, 14.255770448573504;
49.365048305859226, 14.253763558277596;
49.36498277353416, 14.253894803910244;
49.366697072301584, 14.255901696095664;
49.366631537580695, 14.256032943269911;
49.365431533765, 14.25462810280932;
49.3653660004658, 14.254759348313097;
49.366737430172954, 14.256364887344704;
49.36667189492701, 14.256496134012057;
49.365643326136755, 14.255291970257161;
49.365577792087954, 14.255423215443056;
49.36677778618794, 14.256828079349086;
49.36671225041695, 14.256959325509518;
49.36585511468262, 14.25595584338996;
49.365789579884236, 14.256087088257923;
49.36664671449574, 14.257090571322037;
49.36658117842426, 14.257221816786638;
49.366238326100266, 14.25682041900933;
49.3661727903277, 14.25695166374822;
49.366601354948045, 14.25745341231166;
49.36692903511558, 14.25679718277682;
49.36675760841249, 14.256596483252482;
49.366888678978704, 14.256333989380948;
49.36671725146932, 14.256133291625764;
49.36691385551813, 14.255739548775889;
49.36708528370121, 14.255940245964291;
49.36721635276498, 14.255677748613614;
49.367387781040016, 14.255878446815483;
49.367584384182514, 14.25548469761328;
49.36672723586731, 14.254481223351533;
49.3668583016321, 14.25421872403341;
49.36660115472281, 14.253917689104517;
49.36653562225238, 14.254048938654067;
49.36670705338996, 14.254249628447809;
49.36664152054471, 14.254380877838434;
49.36587007862391, 14.253477783872652;
49.366001142143126, 14.253215286444327;
49.36582970917406, 14.25301460310037;
49.36609183351126, 14.252489604825165;
49.36592039928692, 14.252288923628498;
49.366182520321814, 14.251763920543358;
49.3660110848422, 14.25156324149406;
49.36614214400899, 14.251300738242325;
49.36511352093909, 14.2500966954316;
49.36524457681028, 14.249834193057078;
49.3647302591086, 14.249232191567838;
49.36486131303147, 14.24896968893642;
49.36468987263457, 14.248769024933944;
49.3648209255073, 14.248506521289382;
49.36456376356905, 14.24820552846147;
49.36449823754462, 14.248336780174013;
49.36466967870149, 14.24853744190059;
49.364604152302256, 14.248668693454407;
49.364004107477555, 14.247966382835962;
49.364135158553985, 14.247703880704252;
49.364049437283285, 14.247603552196193;
49.36385286078006, 14.247997304588367;
49.364710066103605, 14.249000608156363;
49.3646445391793, 14.24913185920361;
49.36361589306753, 14.247927897960928;
49.3635503673402, 14.248059147525778;
49.365093329668255, 14.249865109872673;
49.365027801769806, 14.249996360791478;
49.364170605168546, 14.24899303351934;
49.364105078242545, 14.249124283144932;
49.365648023678254, 14.250930298978302;

 ~ Number of Waypoints: 92 ~
49.36560764401891, 14.250467122363345;
49.36569336276498, 14.250567458995796;
49.36588994791647, 14.250173702167087;
49.365718509661455, 14.249973029817191;
49.3658495652287, 14.249710523903582;
49.36533524697438, 14.249108516335907;
49.3654663005933, 14.248846010165419;
49.36538058034734, 14.248745676977245;
49.36524952695297, 14.249008182958635;
49.364992366353285, 14.248707184913666;
49.36512341907403, 14.248444679499574;
49.36460909411801, 14.247842693934993;
49.364871195061795, 14.247317681202228;
49.36469975179777, 14.247117022886286;
49.36483080091897, 14.246854514811242;
49.364659356848954, 14.246653858264787;
49.36485592873007, 14.246260094111037;
49.36502737347368, 14.246460750090032;
49.365223944675904, 14.246066982238451;
49.36505249925868, 14.245866326826944;
49.36518354552636, 14.245603813565136;
49.36509782245937, 14.245503486570264;
49.36496677641623, 14.245765999642897;
49.36445243748793, 14.245164043842493;
49.364386914914526, 14.24529529928956;
49.36507269854038, 14.246097910562554;
49.365007174918574, 14.246229166418503;
49.36397849868576, 14.245025256721124;
49.363912976260856, 14.24515651109423;
49.364770206224435, 14.246159766643242;
49.364704682526614, 14.246291021614393;
49.36333311209888, 14.24468582791659;
49.36326759004702, 14.244817081026568;
49.3646391586785, 14.246422276237736;
49.36457363468012, 14.24655353051326;
49.36285917256766, 14.244547048519035;
49.36279365066431, 14.24467830055508;
49.36467955455539, 14.246885440480973;
49.36461403003192, 14.247016694250016;
49.36255668088592, 14.244608911316776;
49.36249115890655, 14.244740162468092;
49.36471994857613, 14.247348605480713;
49.36465442352758, 14.247479858743253;
49.362254189144416, 14.244670773357784;
49.36218866708904, 14.244802023624379;
49.36458889832876, 14.247611111657967;
49.364523372979676, 14.247742364224866;
49.36178024944612, 14.244531997131977;
49.36171472753927, 14.244663246324693;
49.36394351945022, 14.247271644919552;
49.36387799447421, 14.247402896223443;
49.36147775767742, 14.244593858672243;
49.361412235694566, 14.244725106980265;
49.36381246934793, 14.24753414717953;
49.363746944071394, 14.247665397787808;
49.361175265849, 14.244655719455801;
49.36110974379016, 14.244786966879143;
49.36350997615222, 14.247595992899326;
49.363444450799705, 14.247727242622874;
49.36070132598397, 14.244516946401603;
49.360635804073674, 14.244648192751107;
49.36337892529692, 14.247858491998612;
49.36331339964388, 14.247989741026545;
49.36039883412851, 14.244578806684439;
49.360333312142224, 14.24471005214929;
49.36290498958149, 14.247719682069295;
49.362839464077005, 14.24785093002341;
49.36232513568545, 14.247248978433255;
49.362259610704314, 14.247380225472249;
49.362859659396335, 14.248082504206511;
49.36299071078009, 14.247820008456971;
49.363333594682295, 14.248221317485466;
49.36359569744303, 14.247696320299909;
49.363767139756945, 14.247896976144428;
49.36402924101163, 14.247371972637467;
49.364457847480324, 14.24787361644394;
49.364392321830714, 14.248004868315194;
49.364220879735456, 14.247804209560103;
49.364155354160104, 14.247935460894427;
49.36441251683234, 14.248236449832422;
49.364543568506384, 14.247973946248624;
49.364972172298145, 14.248475600489042;
49.3648411195014, 14.248738105018369;
49.36569831814655, 14.249741441475626;
49.36563279040007, 14.249872694163969;
49.364947033096065, 14.249070021459364;
49.36488150609748, 14.249201273043534;
49.3657387007123, 14.25020461834779;
49.36567317244073, 14.250335870529495;
49.36533029611486, 14.24993452785594;
49.36526476814213, 14.250065779311658;
49.36560764401891, 14.250467122363345;

 ~ Number of Waypoints: 109 ~
49.36577908142179, 14.250667795976064;
49.366207673367, 14.251169486094657;
49.366338731632226, 14.25090698075571;
49.36745306316506, 14.252211413302089;
49.36738753264799, 14.252342667374254;
49.36653035700757, 14.25133925156056;
49.366464827463005, 14.251470504339665;
49.36732200198067, 14.25247392109852;
49.367256471163074, 14.252605174474901;
49.36657073316132, 14.251802437529063;
49.36650520309166, 14.251933689801453;
49.3675338066044, 14.253137804702359;
49.36746827503716, 14.253269057760962;
49.36661110745872, 14.252265624253493;
49.366545576864006, 14.252396876019148;
49.36774560740213, 14.253801693992079;
49.367680075085254, 14.25393294673287;
49.366480046119015, 14.252528127436918;
49.36641451522378, 14.252659378506811;
49.36778597367452, 14.254264893350982;
49.367720440832564, 14.254396145584934;
49.36652041750995, 14.252991313903703;
49.36645488608965, 14.253122564466832;
49.367654907840354, 14.254527397470975;
49.36758937469789, 14.2546586490091;
49.366560787044556, 14.253454501126257;
49.36649525509918, 14.253585751182602;
49.36752384140518, 14.254789900199315;
49.367458307962195, 14.254921151041616;
49.36694401708996, 14.25431906970537;
49.366878484170414, 14.254450319632863;
49.367649918262835, 14.25535344718337;
49.36771545219291, 14.25522219640555;
49.36754402279505, 14.255021499148421;
49.36793722187275, 14.254233988309009;
49.36776579077038, 14.254033293577072;
49.36789685547842, 14.253770787558596;
49.367553991303986, 14.253369403024806;
49.367685054512734, 14.253106896370685;
49.36734218801157, 14.25270551815838;
49.36780090136504, 14.251786736556376;
49.367972336366066, 14.251987423643659;
49.368103396420864, 14.251724911105367;
49.36827483151389, 14.251925599205956;
49.368340361540426, 14.251794342225912;
49.36816892622286, 14.251593654314371;
49.36882421597734, 14.250281067269952;
49.36839562050731, 14.249779358305291;
49.36833009276952, 14.24991061810255;
49.36867296887499, 14.250311984956754;
49.3686074405378, 14.250443244784302;
49.368093126517614, 14.24984119602284;
49.36802759870379, 14.249972454935234;
49.36854191205034, 14.250574504263952;
49.368476383412585, 14.250705763395706;
49.36761919383903, 14.249702353859375;
49.36755366617374, 14.249833611697818;
49.36841085462454, 14.250837022179558;
49.368345325686235, 14.250968280615517;
49.36723098041905, 14.249663852543177;
49.36749308943237, 14.249138821628225;
49.3673216494618, 14.248938146360345;
49.367583755172404, 14.248413110635896;
49.36732659319987, 14.24811210147758;
49.36726106733446, 14.248243360646804;
49.3674325085142, 14.248444033260302;
49.36736698227396, 14.24857529227079;
49.36702410000655, 14.248173948056886;
49.366958574065116, 14.24830520634126;
49.36730145588344, 14.248706550933406;
49.36723592934263, 14.24883780924816;
49.36672160675325, 14.248235793879578;
49.366656080735794, 14.248367051279116;
49.36734184257608, 14.249169741976358;
49.36727631551016, 14.24930099978448;
49.366247671954966, 14.248096970951849;
49.36618214608602, 14.248228227277439;
49.36721078829397, 14.249432257244735;
49.36714526092747, 14.249563514357115;
49.36594517867386, 14.248158816274405;
49.3658796527289, 14.248290071715184;
49.36827979659763, 14.251099538703578;
49.36821426735876, 14.251230796443739;
49.365471243675046, 14.248019996263897;
49.36540571787862, 14.24815125063076;
49.36814873796959, 14.251362053836006;
49.36808320843016, 14.251493310880372;
49.36516875036625, 14.248081841086316;
49.36510322449382, 14.248213094568388;
49.36527466583495, 14.248413758320972;
49.3651436131902, 14.248676264619839;
49.36522933350236, 14.248776597206943;
49.365360386371655, 14.248514090718976;
49.368017678740436, 14.251624567576846;
49.36795214890046, 14.251755823925418;
49.36555202075001, 14.248946343701407;
49.36548649390341, 14.24907759705512;
49.3677151837306, 14.251686393534499;
49.36764965381463, 14.251817648998236;
49.36593528462539, 14.249810859715547;
49.36586975680462, 14.249942112940818;
49.36758412374837, 14.25194890411408;
49.36751859353185, 14.252080158882034;
49.36597566691011, 14.250274038863761;
49.36591013856427, 14.250405291582389;
49.36625301319715, 14.250806642225404;
49.366187484251945, 14.250937894974285;
49.36584461006815, 14.250536543953155;
49.36577908142179, 14.250667795976064;